-4.922290792228896095e+00 8.283865005483932009e+00 -9.915963728197187521e+00 -4.174836753108908027e+01 -1.177767816049449756e+01 1.593803339913442807e+00 2.940803761735051758e+00 1.254301314962942016e+01 -2.397419171154097128e+01 -8.739974297296546624e+00 -1.411347663160413646e+01 2.260012137870688420e+01 -1.314378242262074181e+01
-1.077053538996365134e+00 2.623358163943625954e+01 -1.404263858257088060e+01 -4.154244827625712588e+01 -1.978600170558032190e+01 -1.023189349520252200e+01 1.157702607738052869e+01 1.452104996675755011e+01 -7.841937406187782678e+00 -1.052127664982945987e+01 -5.832059208268513650e+00 2.726223031420260412e+01 -1.839078698429614178e+01
-1.522160379526458884e+00 2.816118015308072842e+01 -1.570612179960691357e+01 -3.116719268920127206e+01 -1.499446961969512948e+01 -5.428591901886202997e+00 1.159860210136855940e+01 1.078285358935234228e+01 -2.015029886003503190e+00 -1.667188260449201920e+01 -2.697591064625415314e+00 1.501109297375245077e+01 -1.964108304440486918e+01
-1.128669654985203552e+00 2.956732806754661169e+01 -2.081585272919041429e+01 -3.060494649038147230e+01 -1.370797433242191055e+01 8.515348251286343206e-01 9.410000397171996767e+00 -6.779105045987764200e+00 -7.291589305983672276e+00 -1.554465006393975912e+01 -1.072579376030101450e+01 2.160526933066628885e+01 -2.507938748985781530e+01
-1.117016350527223034e+00 2.946873900878185637e+01 -2.237633885388653709e+01 -3.245445470955991851e+01 -1.067269763834665675e+01 -8.237956136997417467e-01 2.743371239707377729e+00 -1.190380948410729189e+01 -7.999645122485152804e+00 -1.635654606808068223e+01 -8.581871489284910837e+00 2.314378976315639491e+01 -2.913757576037811958e+01
-1.887274181944043505e+00 2.778258070407402869e+01 -1.928293732567741614e+01 -2.294460471344613950e+01 -7.179306311049729494e+00 4.421163455524653507e+00 -8.592540367324025041e+00 -2.471793858117402110e+01 1.037707668806059225e+01 -9.365383487026045228e-02 -1.168328660129274077e+01 2.172110096408169255e+01 -2.755074516667761131e+01
-2.852303364748100645e+00 2.398929573214520161e+01 -1.480166753011705616e+01 -1.599078743705487149e+01 -6.533131272435289461e+00 2.566117091239460191e+00 -1.710714228189250719e+01 -3.478282193806240485e+01 1.283637088877395271e+01 6.372392369045584815e+00 -2.410319685516582311e+01 8.737803923969332587e+00 -2.870288438397975739e+01
-3.122805455646915807e+00 2.406856062637143268e+01 -1.007648049219722530e+01 -1.637582951663583231e+01 1.231579400469526631e+00 3.358992703270884395e+00 -1.446983430246102564e+01 -3.488920495332407512e+01 5.753462982545471505e+00 1.429398300687620305e+00 -1.922121155739241161e+01 4.056320449100702774e+00 -2.128242355440276867e+01
-3.012983905251068073e+00 2.511345038040398947e+01 -1.378740269485094849e+01 -1.262752357545046600e+01 -4.770443490975007528e+00 3.564809125419197589e+00 -1.845911258685455181e+01 -4.118478762100614432e+01 7.926387642925883270e+00 -4.407363361804378932e-01 -2.592077783433494531e+01 3.620993612291955460e-02 -2.726762248020975221e+01
-2.860248455250439470e+00 2.492045946935841982e+01 -1.430381291056212056e+01 -1.191324047972701017e+01 -5.465104774061860127e+00 -2.455250671576070243e-01 -2.070161067360217544e+01 -4.503182832926395207e+01 1.151390322806149946e+01 -4.538900531897748003e+00 -2.723947470099128765e+01 2.982307291494120438e+00 -3.736356507540028105e+01
-3.035222600241294089e+00 2.518322580914745146e+01 -1.190550227265942240e+01 -1.158455023682506457e+01 -6.125342077506762628e+00 1.594230666792099793e+00 -1.264623860420884505e+01 -3.358946658435768029e+01 9.646746024630459715e+00 -3.559101944434320597e+00 -1.874583327830968571e+01 1.838801753520855842e+00 -3.072922146948869937e+01
-3.419048915084356377e+00 3.021475483717846444e+01 -6.870120215713955147e+00 -9.200933519136805572e+00 -8.745571178713483107e+00 1.840013462321236526e+00 -5.167084258970349175e+00 -2.686376135653705788e+01 -1.054039953970737686e+00 -9.123126113727233033e+00 -1.074831381316909429e+01 1.389310370296654895e+01 -1.851939271274569521e+01
-4.160317313110788895e+00 3.204840827542972193e+01 5.355703170798068236e+00 -9.771370001435675690e+00 -1.565400177258672088e+00 3.120500087291677271e+00 -1.083615378097895743e+01 -2.280620839973771297e+01 -2.356865167952643247e+01 -1.888255655860189819e+01 -1.111463810571357236e+01 1.838186058745970852e+00 -4.466853988603276981e+00
-3.826664960579341024e+00 3.073514548113070077e+01 7.159865410491388360e+00 -8.494110383066859171e+00 -4.043685573971862013e+00 4.522928282779519193e+00 -5.741245253907761636e+00 -2.512615874779418590e+01 -3.352986342750883608e+01 -2.341358039196799012e+01 -1.621560262491897575e+01 -1.057815526015136776e+01 -1.396228316264480718e+01
-3.631718377680527965e+00 3.500224995698570041e+01 6.001984945085083289e+00 -8.311099027933433803e+00 3.465678803694300036e+00 4.225097790924074559e+00 -1.145324783472191399e+01 -1.646803192767050916e+01 -2.745094103704855115e+01 -3.951133881133458914e+01 -3.025139038990246121e+01 1.408647231486867435e+00 -6.159604998199752934e+00
-3.794196535028588890e+00 3.797304500844855113e+01 3.579254842726944386e+00 -1.118869914446245950e+01 5.652624268112581341e+00 9.286323201648025716e+00 -1.043790147469240992e+01 -1.089981927339937329e+01 -3.482105803871036898e+01 -4.542367786158025922e+01 -3.634056290263654176e+01 7.117877954684704633e+00 -2.435289112328406169e+00
-5.895787339129202387e+00 3.161695916515153471e+01 8.437480184182859499e-01 -6.041141089903825367e+00 5.736783829352916975e+00 7.914975225640585421e+00 -1.737975231224234562e+01 -4.789661787703849427e+00 -1.869817447744218697e+01 -3.733039339150445812e+01 -3.116471421362126293e+01 1.392068192856924735e+00 -1.038067415084730349e+01
-5.744864736445242315e+00 2.776862430436380791e+01 8.725162499651792913e-01 -3.792341295330934781e+00 1.005533243513833952e+01 2.502073472026118850e+00 -1.062547408003101346e+01 -7.682579512971327240e+00 -1.550328568573084098e+01 -4.064704038631072791e+01 -3.880872095040379577e+01 -3.247897819133584996e+00 -8.992631533719519510e+00
-6.432406096345575364e+00 1.908184791807332914e+01 9.042418899384125908e+00 -8.143510177767717906e+00 1.298338221248891955e+01 -6.665194959175542166e+00 -1.523102759735613532e+01 -1.300811247729069819e+01 -2.115099823438908899e+01 -1.814258611576603997e+01 -3.329875311578324926e+01 -6.763796027410913680e+00 -1.633764158840782699e+01
-4.349998460616343543e+00 2.372378575646932664e+00 2.779570685649298767e+01 -3.327173739257968776e+01 3.778407451030811615e+01 -1.862841141827726332e+01 -9.504701473843359116e-02 -2.242821851145849976e+01 -1.938153872159247726e+01 -1.752450291477237343e+01 -4.217695238068365171e+01 2.434572423322986268e+01 -2.040627327946821978e+01
-4.416913762560613854e+00 1.344431740886285098e+01 4.901064775377997229e+00 -4.805144129841016820e+01 2.441053603091939550e+01 -1.141307356130517370e+01 1.360753819382561147e+01 4.747202810944155971e+00 -2.746416901418435330e+01 -1.414317957463303266e+01 -6.524441528747757957e+00 1.470974986471759394e+01 -2.229599071548168610e+01
-1.914671969764522474e+00 2.678713445486177136e+01 -8.586113332265487008e-01 -5.091229296968875673e+01 -8.667241145848677775e+00 -1.857839940282538294e+01 -6.433603353061634778e+00 -4.072881631677295999e+00 -1.758535555518917803e+01 -2.396498799560732706e+01 -8.381740702984055602e+00 3.414306530949245655e+01 -1.281847883168034130e+01
-2.655825530684581270e+00 2.764678397724373937e+01 -2.300435153685844281e+00 -2.513430928876176296e+01 -3.615379571295054717e+00 -1.121605989114409319e+01 -8.718398901664727418e+00 5.589271901180372648e-01 -1.324255658482071851e+01 -1.241263204002234843e+01 -4.668269574165496039e+00 2.482964105952355638e+01 -5.133310396402573694e+00
-4.200711087430688551e+00 2.516111145508737579e+01 -3.322603502116535434e+00 -1.074626711956703140e+01 3.877022652464735319e+00 2.765227086073900331e+00 -3.741991674279845914e-01 -2.355210992876167531e+00 -1.317071916340642623e+01 -1.789540116949966020e+01 4.141965901114409987e-01 2.203851951259017383e+01 8.065883022744431585e+00
-4.382558271669268812e+00 4.292764192835294068e+01 4.034813015124758095e+00 -1.320347823701349732e+01 4.203006552008080376e+00 1.362234609494680271e+01 -1.019282488636626383e+01 -1.296106808704476343e+01 -1.062542364021140173e+01 -1.783810413916022952e+01 -1.161893876720810503e+01 9.128237308770005498e+00 -2.333650129135387274e+00
-6.427787393468554100e+00 2.738607130320893646e+01 5.985597762529815569e+00 -7.532659418566262310e+00 -5.635751746554252817e-01 4.439939343149825746e+00 -2.910647705638171434e+00 -2.676329241085061206e+00 8.403086736541522939e+00 -9.956536215570865878e+00 -2.411203712167904101e+01 2.068686711208127349e+01 -1.920938897739516704e-01
-2.368600993932432619e+00 4.559891279034025757e+01 -3.790622827460384259e-01 -1.151981420992634320e+01 3.387569254914606809e+00 1.179034602727541570e+00 2.039418913382606835e+00 -1.158967334456774800e+01 -7.433682872294395949e-01 -9.804657006845150846e+00 -2.183492798952964264e+01 -2.187905475803446631e+00 -2.272950617488234126e+00
-3.400442731053037626e+00 3.559657855654157999e+01 -1.330746386595154895e+01 -1.065596436033182748e+01 1.255098624213706593e+01 -2.133742890532011049e-01 -1.809865994096143282e+01 -1.947215488552241425e+01 -6.333465925789447226e+00 -4.539963039491921037e+00 -1.264205421518868810e+01 1.749087716712529073e+01 -4.886747450398515547e+00
-3.436137900452618243e+00 2.663515762861924685e+01 -9.465159684314141231e+00 -3.418677830475131518e+00 1.743066146137982386e+01 -1.522770697007142626e+00 -3.788569154583295528e+01 -2.863428959156065545e+01 1.376228753168252616e+01 7.833240158566559863e+00 -2.598961351429797162e+01 3.688423924565235268e+00 1.754329227359684440e+00
-3.031903734555157381e+00 2.346780180766107193e+01 -5.782339037314481622e+00 2.273818580628303998e+00 3.378619745073182656e+01 -1.657639369292190468e+00 -3.982995271045189867e+01 -3.017766272789689452e+01 4.663353388312308390e+00 -3.139266757578804690e+00 -3.828623356488213147e+01 2.064790638942440992e+01 1.343339445981318470e+01
-3.894056195194818493e+00 2.300514625725346107e+01 -4.167280090440347529e+00 5.054195633741255023e+00 2.991838492956535589e+01 -3.809001959250025937e+00 -4.175045913994190983e+01 -2.515585081312668692e+01 -2.178134225777693445e+00 2.331860703012930358e+00 -5.077438715359406984e+01 1.192997844244439420e+01 1.442282815952348685e+01
-5.238368643263665803e+00 2.757050474636890414e+01 4.090186095085517337e+00 5.909407498857995655e+00 1.304917928206318400e+01 1.148594635780926243e+00 -1.931645467113154879e+01 -1.359530586972310395e+01 6.996904501974928081e+00 -5.915297170394381965e+00 -2.025591657359656850e+01 -2.928094000557444065e+00 3.015417163628275610e+00
-5.467986574534236865e+00 2.587147559717642409e+01 9.939338266743366290e+00 7.073724830914191131e+00 1.990548392968785052e+00 2.595083342145462768e-01 -1.008050928903680798e+01 -1.221243119627539109e+01 -5.705372894587333654e+00 -1.715474712255910816e+01 -2.063416175105798089e+01 -9.099725203867613743e+00 -7.049879216492469070e+00
-6.798584290612352810e+00 2.762298277896107379e+01 6.787377586149201392e+00 5.246782497406160317e+00 1.381108015216402085e-01 4.727419803161614809e+00 -1.881071810149724044e+01 -1.760612178645439485e+01 -8.776003966572897497e+00 -1.489503179624836093e+01 -2.174631069570549613e+01 -7.392770431486139771e+00 -5.204274761342724709e+00
-6.768990945925134284e+00 1.755566411090673640e+01 -3.751386591697096762e+00 1.028103542459874475e+01 2.216063963454669494e+00 2.833374213628220950e+00 -2.436640606241653018e+01 -1.866129768234538133e+01 -1.253467195962936209e+01 -2.191443110548854989e+01 -2.434875598789135864e+01 3.578481635750128120e-01 -2.084350091287203455e+01
-2.837406914139011693e+00 -5.695826336357238340e+00 -3.258323118274115870e+01 2.099482719326581304e+01 -3.710711202360421623e+00 8.637645069275849963e+00 -2.259617258085242852e+01 -1.177183732031292429e+01 -2.112370217701858177e+00 -6.616833964927274714e+00 -4.139249054782465009e+01 2.843983964001259324e+01 -2.852226970933061168e+01
-4.324436323696363438e+00 1.164639641332715136e+01 1.493187049357708740e-01 2.399397706682350417e+01 5.322335735392380585e+00 -7.349119781048268685e+00 -2.869269532009996837e+01 -1.825783275470406153e+01 -8.433133504907301514e+00 -2.564203109979881035e+01 -3.608633761769630155e+01 1.923341923676697363e+01 -2.771918865731882509e+00
-2.813133099171199802e+00 1.678538876784205058e+01 -2.223552730630983465e+00 1.580115653496310912e+01 7.504467306203689958e+00 -1.643379606587352271e+01 -3.066429319613062532e+01 -4.199695684832173725e+01 5.405059887474922276e-01 -1.591189184018878144e+01 -5.325210800557785973e+01 2.776560198095143051e+01 -1.263696849592458982e+01
-2.830539784936982883e+00 2.139494678819994533e+01 -6.840914191572740499e+00 9.514557949091646094e+00 5.013602601856269381e+00 -1.923476949465933217e+01 -2.906846347648069084e+01 -3.807320460577176391e+01 2.034708069136624164e+00 -4.804210846229056919e+00 -4.064810123693985133e+01 3.144835946645237357e+01 -1.751566321351874578e+01
-2.742954518797924734e+00 2.303333246848668381e+01 -9.351614039368223885e+00 -6.336029914847197020e+00 -3.639540582508920430e+00 -1.692254166105562563e+00 -3.086674100198134241e+01 -2.607742215722505108e+01 -8.584722091212661610e+00 -1.613827532587852165e+00 -5.469219833609038517e+00 1.716532532669186395e+01 -2.478231162267255883e+01
-2.563157821736227415e+00 2.795874544527864103e+01 -7.679506325284033430e+00 -2.486163904011737102e+01 -3.359323133344310541e+00 -5.876394388083622466e+00 -9.234081339999333338e+00 -2.224035883129193536e+01 -1.661510971519323832e+01 7.493155858003423653e+00 -4.158566531305692315e+00 2.144622670593148683e+01 -3.238385214328778972e+01
-2.310924496823421936e+00 2.914036192423468208e+01 -1.257368602036146932e+01 -3.181161416679572795e+01 -9.122981579029875832e+00 -1.044615773199242170e+01 5.243082674755074279e+00 -1.717185150708712271e+01 -1.973693281939114286e+01 -1.392204694033286039e+01 -8.772208548517578919e+00 2.278163867140977317e+01 -3.196770212725884619e+01
-2.499637849374352960e+00 2.890126171600456217e+01 -2.939138602626180319e+00 -3.384527867987304006e+01 -1.122888919750075765e+01 -3.250174348735744623e+00 5.618457170033642534e+00 -9.412303244580003891e+00 -1.856625168118331004e+01 -1.364117545847289392e+01 -8.739774013848327527e+00 1.330756143718057416e+01 -1.484079947964636759e+01
-3.396406268121697547e+00 2.589335351042492661e+01 -7.917307409803757245e+00 -2.623731157250413304e+01 -1.170915671307452577e+01 -1.243603964587775401e+01 -9.100331458850705602e+00 -2.126293954013387477e+01 -2.837322957419482350e+01 -1.798900051101789543e+01 -1.487609975561135300e+01 -3.130997928906497307e+00 -2.248151933981913686e+01
-4.418425547589282409e+00 2.849049972831891608e+01 -3.925120606364521869e+00 -1.605171784137364099e+01 8.289720008578697064e-01 8.388475799994790094e+00 -9.015518459234181936e-01 -2.661995490438341250e+01 -2.664360346199386953e+01 -8.871140540423873233e+00 3.742383836166430777e-01 1.136834466243978214e+00 -1.130526076348316344e+01
-4.314299912344313981e+00 2.680541244486744290e+01 3.586901085220658203e+00 -2.812853166915108449e+00 3.333873169778482914e+00 -6.045042803367384199e-01 -2.051406977714983526e+01 -3.199418514283619785e+01 -3.344135999075212595e+01 -2.451847241376284714e+01 -1.260119595983363716e+01 -1.061772565047222905e+01 -1.893932474783486697e+01
-4.478902373315278851e+00 2.552050561849813448e+01 5.101006139875961409e+00 2.988350363577218616e+00 8.123742285070816749e+00 9.408884571428758337e-01 -1.495288266059458060e+01 -2.087808344378781555e+01 -2.021144845393282097e+01 -2.395716899303988967e+01 -1.920171743770885442e+01 -1.276252498915326328e+01 -2.264536974600100550e+01
-5.135056771986659996e+00 2.948475450190244374e+01 3.909925061063065144e+00 3.373792538702086841e+00 1.627868559332557652e+01 8.410826351102166143e+00 -2.550751285275675073e+01 -1.278535511724908424e+01 -1.326960378133235885e+01 -2.293455936706412501e+01 -2.064126445600715698e+01 -9.103619983948135541e+00 -2.813310225451316882e+01
-5.668838248938450342e+00 2.923323492608869500e+01 4.567040683425339864e+00 7.917838847546749825e+00 2.109768533920066247e+01 3.709805361553903058e+00 -2.351592197630775871e+01 -6.931713166385410574e+00 -4.538207556626699279e+00 -1.505954039257927768e+01 -6.794863519557988951e+00 8.738312268514507153e+00 -2.315670520650176201e+01
-6.220710788047020934e+00 2.870933828079506256e+01 2.554085942570041290e+00 1.195844223254743532e+01 2.130867007655944434e+01 1.205545978691552733e+01 -1.788508759848938467e+01 -4.157714703508117005e+00 -8.152256276577787730e+00 -2.070614437675412844e+01 -1.049142151612498175e+01 1.257701952585095384e+01 -8.867992353534535965e+00
-7.538996503435575924e+00 2.322724335241694504e+01 -2.135184435978255024e+00 2.290185393230247612e+00 1.107954143492623267e+01 8.765526718373486403e+00 -2.509702412056835641e+01 -1.248956123361843495e+01 -8.573820437516875614e+00 -2.196746112092725411e+01 -1.376590982591380907e+01 2.346490141936994345e+00 -1.803523219869372340e+01
-8.194860555612237363e+00 6.568311239313918470e+00 3.688246273105771689e+00 -8.161149218168499697e-01 6.647372106896283661e+00 7.644922900024181622e+00 -6.696053822538917011e+00 -1.566364126655862954e+01 -2.473738481612221563e+01 -1.684994120488524061e+01 -2.915059067791717418e+00 -1.903722621775238544e+00 -1.453965761659907407e+01
